{
 "cells": [
  {
   "cell_type": "code",
   "execution_count": 35,
   "metadata": {
    "id": "J8IBnHuKGHRn"
   },
   "outputs": [],
   "source": [
    "#import necessary modules\n",
    "import numpy as np\n",
    "import pandas as pd\n",
    "def mean(X):\n",
    "    return sum(X)/len(X)\n",
    "def Std(X):\n",
    "    st=(sum((i-mean(X))**2 for i in X)/len(X))**0.5\n",
    "    return st\n",
    "def Standard_scaler(X):  #define standardScaler function\n",
    "    return (X-mean(X))/Std(X)"
   ]
  },
  {
   "cell_type": "code",
   "execution_count": 36,
   "metadata": {
    "colab": {
     "base_uri": "https://localhost:8080/"
    },
    "id": "59EM0rq0Gou6",
    "outputId": "d24fb809-238b-4ffa-d474-7d5febfa93f7"
   },
   "outputs": [
    {
     "name": "stdout",
     "output_type": "stream",
     "text": [
      "           id diagnosis  radius_mean  texture_mean  perimeter_mean  area_mean  \\\n",
      "0      842302         M        17.99         10.38          122.80     1001.0   \n",
      "1      842517         M        20.57         17.77          132.90     1326.0   \n",
      "2    84300903         M        19.69         21.25          130.00     1203.0   \n",
      "3    84348301         M        11.42         20.38           77.58      386.1   \n",
      "4    84358402         M        20.29         14.34          135.10     1297.0   \n",
      "..        ...       ...          ...           ...             ...        ...   \n",
      "564    926424         M        21.56         22.39          142.00     1479.0   \n",
      "565    926682         M        20.13         28.25          131.20     1261.0   \n",
      "566    926954         M        16.60         28.08          108.30      858.1   \n",
      "567    927241         M        20.60         29.33          140.10     1265.0   \n",
      "568     92751         B         7.76         24.54           47.92      181.0   \n",
      "\n",
      "     smoothness_mean  compactness_mean  concavity_mean  concave points_mean  \\\n",
      "0            0.11840           0.27760         0.30010              0.14710   \n",
      "1            0.08474           0.07864         0.08690              0.07017   \n",
      "2            0.10960           0.15990         0.19740              0.12790   \n",
      "3            0.14250           0.28390         0.24140              0.10520   \n",
      "4            0.10030           0.13280         0.19800              0.10430   \n",
      "..               ...               ...             ...                  ...   \n",
      "564          0.11100           0.11590         0.24390              0.13890   \n",
      "565          0.09780           0.10340         0.14400              0.09791   \n",
      "566          0.08455           0.10230         0.09251              0.05302   \n",
      "567          0.11780           0.27700         0.35140              0.15200   \n",
      "568          0.05263           0.04362         0.00000              0.00000   \n",
      "\n",
      "     ...  texture_worst  perimeter_worst  area_worst  smoothness_worst  \\\n",
      "0    ...          17.33           184.60      2019.0           0.16220   \n",
      "1    ...          23.41           158.80      1956.0           0.12380   \n",
      "2    ...          25.53           152.50      1709.0           0.14440   \n",
      "3    ...          26.50            98.87       567.7           0.20980   \n",
      "4    ...          16.67           152.20      1575.0           0.13740   \n",
      "..   ...            ...              ...         ...               ...   \n",
      "564  ...          26.40           166.10      2027.0           0.14100   \n",
      "565  ...          38.25           155.00      1731.0           0.11660   \n",
      "566  ...          34.12           126.70      1124.0           0.11390   \n",
      "567  ...          39.42           184.60      1821.0           0.16500   \n",
      "568  ...          30.37            59.16       268.6           0.08996   \n",
      "\n",
      "     compactness_worst  concavity_worst  concave points_worst  symmetry_worst  \\\n",
      "0              0.66560           0.7119                0.2654          0.4601   \n",
      "1              0.18660           0.2416                0.1860          0.2750   \n",
      "2              0.42450           0.4504                0.2430          0.3613   \n",
      "3              0.86630           0.6869                0.2575          0.6638   \n",
      "4              0.20500           0.4000                0.1625          0.2364   \n",
      "..                 ...              ...                   ...             ...   \n",
      "564            0.21130           0.4107                0.2216          0.2060   \n",
      "565            0.19220           0.3215                0.1628          0.2572   \n",
      "566            0.30940           0.3403                0.1418          0.2218   \n",
      "567            0.86810           0.9387                0.2650          0.4087   \n",
      "568            0.06444           0.0000                0.0000          0.2871   \n",
      "\n",
      "     fractal_dimension_worst  Unnamed: 32  \n",
      "0                    0.11890          NaN  \n",
      "1                    0.08902          NaN  \n",
      "2                    0.08758          NaN  \n",
      "3                    0.17300          NaN  \n",
      "4                    0.07678          NaN  \n",
      "..                       ...          ...  \n",
      "564                  0.07115          NaN  \n",
      "565                  0.06637          NaN  \n",
      "566                  0.07820          NaN  \n",
      "567                  0.12400          NaN  \n",
      "568                  0.07039          NaN  \n",
      "\n",
      "[569 rows x 33 columns]\n",
      "(569, 33)\n"
     ]
    }
   ],
   "source": [
    "#load data into pandas dataframe\n",
    "data=pd.read_csv('C:\\\\Users\\\\ADMIN\\\\Downloads\\\\data.csv')\n",
    "\n",
    "print(data)\n",
    "print(data.shape)"
   ]
  },
  {
   "cell_type": "code",
   "execution_count": 37,
   "metadata": {
    "colab": {
     "base_uri": "https://localhost:8080/"
    },
    "id": "DKS9A3-zK7uy",
    "outputId": "5e77ec9c-50dc-4aa1-cb7a-69db67be6872"
   },
   "outputs": [
    {
     "name": "stdout",
     "output_type": "stream",
     "text": [
      "    diagnosis  radius_mean  texture_mean  perimeter_mean  area_mean  \\\n",
      "0           M        17.99         10.38          122.80     1001.0   \n",
      "1           M        20.57         17.77          132.90     1326.0   \n",
      "2           M        19.69         21.25          130.00     1203.0   \n",
      "3           M        11.42         20.38           77.58      386.1   \n",
      "4           M        20.29         14.34          135.10     1297.0   \n",
      "..        ...          ...           ...             ...        ...   \n",
      "564         M        21.56         22.39          142.00     1479.0   \n",
      "565         M        20.13         28.25          131.20     1261.0   \n",
      "566         M        16.60         28.08          108.30      858.1   \n",
      "567         M        20.60         29.33          140.10     1265.0   \n",
      "568         B         7.76         24.54           47.92      181.0   \n",
      "\n",
      "     smoothness_mean  compactness_mean  concavity_mean  concave points_mean  \\\n",
      "0            0.11840           0.27760         0.30010              0.14710   \n",
      "1            0.08474           0.07864         0.08690              0.07017   \n",
      "2            0.10960           0.15990         0.19740              0.12790   \n",
      "3            0.14250           0.28390         0.24140              0.10520   \n",
      "4            0.10030           0.13280         0.19800              0.10430   \n",
      "..               ...               ...             ...                  ...   \n",
      "564          0.11100           0.11590         0.24390              0.13890   \n",
      "565          0.09780           0.10340         0.14400              0.09791   \n",
      "566          0.08455           0.10230         0.09251              0.05302   \n",
      "567          0.11780           0.27700         0.35140              0.15200   \n",
      "568          0.05263           0.04362         0.00000              0.00000   \n",
      "\n",
      "     symmetry_mean  ...  radius_worst  texture_worst  perimeter_worst  \\\n",
      "0           0.2419  ...        25.380          17.33           184.60   \n",
      "1           0.1812  ...        24.990          23.41           158.80   \n",
      "2           0.2069  ...        23.570          25.53           152.50   \n",
      "3           0.2597  ...        14.910          26.50            98.87   \n",
      "4           0.1809  ...        22.540          16.67           152.20   \n",
      "..             ...  ...           ...            ...              ...   \n",
      "564         0.1726  ...        25.450          26.40           166.10   \n",
      "565         0.1752  ...        23.690          38.25           155.00   \n",
      "566         0.1590  ...        18.980          34.12           126.70   \n",
      "567         0.2397  ...        25.740          39.42           184.60   \n",
      "568         0.1587  ...         9.456          30.37            59.16   \n",
      "\n",
      "     area_worst  smoothness_worst  compactness_worst  concavity_worst  \\\n",
      "0        2019.0           0.16220            0.66560           0.7119   \n",
      "1        1956.0           0.12380            0.18660           0.2416   \n",
      "2        1709.0           0.14440            0.42450           0.4504   \n",
      "3         567.7           0.20980            0.86630           0.6869   \n",
      "4        1575.0           0.13740            0.20500           0.4000   \n",
      "..          ...               ...                ...              ...   \n",
      "564      2027.0           0.14100            0.21130           0.4107   \n",
      "565      1731.0           0.11660            0.19220           0.3215   \n",
      "566      1124.0           0.11390            0.30940           0.3403   \n",
      "567      1821.0           0.16500            0.86810           0.9387   \n",
      "568       268.6           0.08996            0.06444           0.0000   \n",
      "\n",
      "     concave points_worst  symmetry_worst  fractal_dimension_worst  \n",
      "0                  0.2654          0.4601                  0.11890  \n",
      "1                  0.1860          0.2750                  0.08902  \n",
      "2                  0.2430          0.3613                  0.08758  \n",
      "3                  0.2575          0.6638                  0.17300  \n",
      "4                  0.1625          0.2364                  0.07678  \n",
      "..                    ...             ...                      ...  \n",
      "564                0.2216          0.2060                  0.07115  \n",
      "565                0.1628          0.2572                  0.06637  \n",
      "566                0.1418          0.2218                  0.07820  \n",
      "567                0.2650          0.4087                  0.12400  \n",
      "568                0.0000          0.2871                  0.07039  \n",
      "\n",
      "[569 rows x 31 columns]\n",
      "(569, 31)\n"
     ]
    }
   ],
   "source": [
    "#drop unecessary columns\n",
    "data=data.drop(['id','Unnamed: 32'],axis=1)\n",
    "print(data)\n",
    "print(data.shape)"
   ]
  },
  {
   "cell_type": "code",
   "execution_count": 38,
   "metadata": {
    "colab": {
     "base_uri": "https://localhost:8080/"
    },
    "id": "nhW64VJqL5Pd",
    "outputId": "003e4e49-a489-4d51-f912-9653c55cf498"
   },
   "outputs": [
    {
     "name": "stdout",
     "output_type": "stream",
     "text": [
      "0      0\n",
      "1      0\n",
      "2      0\n",
      "3      0\n",
      "4      0\n",
      "      ..\n",
      "564    0\n",
      "565    0\n",
      "566    0\n",
      "567    0\n",
      "568    1\n",
      "Name: diagnosis, Length: 569, dtype: object\n"
     ]
    }
   ],
   "source": [
    "#convert labels to binary values 0/1\n",
    "data['diagnosis']=data['diagnosis'].replace(['M'],'0')\n",
    "data['diagnosis']=data['diagnosis'].replace(['B'],'1')\n",
    "y=data[data.columns[0]]\n",
    "print(y)"
   ]
  },
  {
   "cell_type": "code",
   "execution_count": 39,
   "metadata": {
    "colab": {
     "base_uri": "https://localhost:8080/"
    },
    "id": "KiWwLrlCMe8n",
    "outputId": "8154e27b-f55d-4ad1-fc60-d40b446a897b"
   },
   "outputs": [
    {
     "name": "stdout",
     "output_type": "stream",
     "text": [
      "     radius_mean  texture_mean  perimeter_mean  area_mean  smoothness_mean  \\\n",
      "0          17.99         10.38          122.80     1001.0          0.11840   \n",
      "1          20.57         17.77          132.90     1326.0          0.08474   \n",
      "2          19.69         21.25          130.00     1203.0          0.10960   \n",
      "3          11.42         20.38           77.58      386.1          0.14250   \n",
      "4          20.29         14.34          135.10     1297.0          0.10030   \n",
      "..           ...           ...             ...        ...              ...   \n",
      "564        21.56         22.39          142.00     1479.0          0.11100   \n",
      "565        20.13         28.25          131.20     1261.0          0.09780   \n",
      "566        16.60         28.08          108.30      858.1          0.08455   \n",
      "567        20.60         29.33          140.10     1265.0          0.11780   \n",
      "568         7.76         24.54           47.92      181.0          0.05263   \n",
      "\n",
      "     compactness_mean  concavity_mean  concave points_mean  symmetry_mean  \\\n",
      "0             0.27760         0.30010              0.14710         0.2419   \n",
      "1             0.07864         0.08690              0.07017         0.1812   \n",
      "2             0.15990         0.19740              0.12790         0.2069   \n",
      "3             0.28390         0.24140              0.10520         0.2597   \n",
      "4             0.13280         0.19800              0.10430         0.1809   \n",
      "..                ...             ...                  ...            ...   \n",
      "564           0.11590         0.24390              0.13890         0.1726   \n",
      "565           0.10340         0.14400              0.09791         0.1752   \n",
      "566           0.10230         0.09251              0.05302         0.1590   \n",
      "567           0.27700         0.35140              0.15200         0.2397   \n",
      "568           0.04362         0.00000              0.00000         0.1587   \n",
      "\n",
      "     fractal_dimension_mean  ...  radius_worst  texture_worst  \\\n",
      "0                   0.07871  ...        25.380          17.33   \n",
      "1                   0.05667  ...        24.990          23.41   \n",
      "2                   0.05999  ...        23.570          25.53   \n",
      "3                   0.09744  ...        14.910          26.50   \n",
      "4                   0.05883  ...        22.540          16.67   \n",
      "..                      ...  ...           ...            ...   \n",
      "564                 0.05623  ...        25.450          26.40   \n",
      "565                 0.05533  ...        23.690          38.25   \n",
      "566                 0.05648  ...        18.980          34.12   \n",
      "567                 0.07016  ...        25.740          39.42   \n",
      "568                 0.05884  ...         9.456          30.37   \n",
      "\n",
      "     perimeter_worst  area_worst  smoothness_worst  compactness_worst  \\\n",
      "0             184.60      2019.0           0.16220            0.66560   \n",
      "1             158.80      1956.0           0.12380            0.18660   \n",
      "2             152.50      1709.0           0.14440            0.42450   \n",
      "3              98.87       567.7           0.20980            0.86630   \n",
      "4             152.20      1575.0           0.13740            0.20500   \n",
      "..               ...         ...               ...                ...   \n",
      "564           166.10      2027.0           0.14100            0.21130   \n",
      "565           155.00      1731.0           0.11660            0.19220   \n",
      "566           126.70      1124.0           0.11390            0.30940   \n",
      "567           184.60      1821.0           0.16500            0.86810   \n",
      "568            59.16       268.6           0.08996            0.06444   \n",
      "\n",
      "     concavity_worst  concave points_worst  symmetry_worst  \\\n",
      "0             0.7119                0.2654          0.4601   \n",
      "1             0.2416                0.1860          0.2750   \n",
      "2             0.4504                0.2430          0.3613   \n",
      "3             0.6869                0.2575          0.6638   \n",
      "4             0.4000                0.1625          0.2364   \n",
      "..               ...                   ...             ...   \n",
      "564           0.4107                0.2216          0.2060   \n",
      "565           0.3215                0.1628          0.2572   \n",
      "566           0.3403                0.1418          0.2218   \n",
      "567           0.9387                0.2650          0.4087   \n",
      "568           0.0000                0.0000          0.2871   \n",
      "\n",
      "     fractal_dimension_worst  \n",
      "0                    0.11890  \n",
      "1                    0.08902  \n",
      "2                    0.08758  \n",
      "3                    0.17300  \n",
      "4                    0.07678  \n",
      "..                       ...  \n",
      "564                  0.07115  \n",
      "565                  0.06637  \n",
      "566                  0.07820  \n",
      "567                  0.12400  \n",
      "568                  0.07039  \n",
      "\n",
      "[569 rows x 30 columns]\n"
     ]
    }
   ],
   "source": [
    "X=data[data.columns[1:]]\n",
    "print(X)"
   ]
  },
  {
   "cell_type": "code",
   "execution_count": 40,
   "metadata": {
    "colab": {
     "base_uri": "https://localhost:8080/"
    },
    "id": "IYBJ_TxKNPjY",
    "outputId": "ae2166d7-a795-47f1-979a-d25b4a5d78e4"
   },
   "outputs": [
    {
     "name": "stdout",
     "output_type": "stream",
     "text": [
      "[[ 1.00176056e+00  3.24351929e-01  9.99612069e-01  9.89095475e-01\n",
      "   1.70881506e-01  5.07014640e-01  6.77955036e-01  8.23976636e-01\n",
      "   1.48001350e-01 -3.12179472e-01  6.80285970e-01 -9.74887767e-02\n",
      "   6.75358538e-01  7.37159198e-01 -2.22992026e-01  2.06362656e-01\n",
      "   1.94545531e-01  3.76831225e-01 -1.04504545e-01 -4.27163418e-02\n",
      "   9.71245907e-01  2.97530545e-01  9.66835698e-01  9.42739295e-01\n",
      "   1.19826732e-01  4.14190751e-01  5.27839123e-01  7.45524434e-01\n",
      "   1.64241985e-01  7.07832563e-03]\n",
      " [ 3.24351929e-01  1.00176056e+00  3.30113223e-01  3.21650988e-01\n",
      "  -2.34296930e-02  2.37118951e-01  3.02950254e-01  2.93980713e-01\n",
      "   7.15266864e-02 -7.65717560e-02  2.76354360e-01  3.87037830e-01\n",
      "   2.82169018e-01  2.60302460e-01  6.62542133e-03  1.92312595e-01\n",
      "   1.43545353e-01  1.64139495e-01  9.14323671e-03  5.45533955e-02\n",
      "   3.53193674e-01  9.13650301e-01  3.58669926e-01  3.44150782e-01\n",
      "   7.76398084e-02  2.78318729e-01  3.01555198e-01  2.95835766e-01\n",
      "   1.05192783e-01  1.19415220e-01]\n",
      " [ 9.99612069e-01  3.30113223e-01  1.00176056e+00  9.88243612e-01\n",
      "   2.07643090e-01  5.57916732e-01  7.17396452e-01  8.52475240e-01\n",
      "   1.83349443e-01 -2.61937255e-01  6.92982910e-01 -8.69138267e-02\n",
      "   6.94355197e-01  7.46294283e-01 -2.03050882e-01  2.51185131e-01\n",
      "   2.28483899e-01  4.07933847e-01 -8.17730406e-02 -5.53311534e-03\n",
      "   9.71183188e-01  3.03571890e-01  9.72095315e-01  9.43207466e-01\n",
      "   1.50814456e-01  4.56576647e-01  5.64872009e-01  7.72598608e-01\n",
      "   1.89447989e-01  5.11083511e-02]\n",
      " [ 9.89095475e-01  3.21650988e-01  9.88243612e-01  1.00176056e+00\n",
      "   1.77340047e-01  4.99379326e-01  6.87190545e-01  8.24718286e-01\n",
      "   1.51559440e-01 -2.83608244e-01  7.33851949e-01 -6.63969041e-02\n",
      "   7.27907603e-01  8.01494523e-01 -1.67070287e-01  2.12956816e-01\n",
      "   2.08025659e-01  3.72975776e-01 -7.26242231e-02 -1.99219755e-02\n",
      "   9.64441062e-01  2.87994769e-01  9.60808165e-01  9.60902082e-01\n",
      "   1.23740409e-01  3.91097651e-01  5.13508396e-01  7.23287782e-01\n",
      "   1.43822678e-01  3.74417763e-03]\n",
      " [ 1.70881506e-01 -2.34296930e-02  2.07643090e-01  1.77340047e-01\n",
      "   1.00176056e+00  6.60283643e-01  5.22902753e-01  5.54669988e-01\n",
      "   5.58756786e-01  5.85821565e-01  3.01997850e-01  6.85268821e-02\n",
      "   2.96613222e-01  2.46986503e-01  3.32960611e-01  3.19504817e-01\n",
      "   2.48832996e-01  3.81345895e-01  2.01127852e-01  2.84106006e-01\n",
      "   2.13495353e-01  3.61353055e-02  2.39273141e-01  2.07082304e-01\n",
      "   8.06742020e-01  4.73300254e-01  4.35691429e-01  5.03939011e-01\n",
      "   3.95003689e-01  5.00195447e-01]\n",
      " [ 5.07014640e-01  2.37118951e-01  5.57916732e-01  4.99379326e-01\n",
      "   6.60283643e-01  1.00176056e+00  8.84675460e-01  8.32598309e-01\n",
      "   6.03702036e-01  5.66364031e-01  4.98349280e-01  4.62861772e-02\n",
      "   5.49871647e-01  4.56455058e-01  1.35537471e-01  7.40022356e-01\n",
      "   5.71521303e-01  6.43392594e-01  2.30381479e-01  5.08211293e-01\n",
      "   5.36257855e-01  2.48569687e-01  5.91249531e-01  5.10500995e-01\n",
      "   5.66536837e-01  8.67333351e-01  8.17712354e-01  8.17009092e-01\n",
      "   5.11121711e-01  6.88592503e-01]\n",
      " [ 6.77955036e-01  3.02950254e-01  7.17396452e-01  6.87190545e-01\n",
      "   5.22902753e-01  8.84675460e-01  1.00176056e+00  9.23013194e-01\n",
      "   5.01548072e-01  3.37376288e-01  6.33037366e-01  7.63525354e-02\n",
      "   6.61553447e-01  6.18513825e-01  9.87372735e-02  6.71458893e-01\n",
      "   6.92487233e-01  6.84462839e-01  1.78322604e-01  4.50091771e-01\n",
      "   6.89448091e-01  3.00406844e-01  7.30849362e-01  6.77177350e-01\n",
      "   4.49612218e-01  7.56297185e-01  8.85659158e-01  8.62839447e-01\n",
      "   4.10185014e-01  5.15836457e-01]\n",
      " [ 8.23976636e-01  2.93980713e-01  8.52475240e-01  8.24718286e-01\n",
      "   5.54669988e-01  8.32598309e-01  9.23013194e-01  1.00176056e+00\n",
      "   4.63311644e-01  1.67211252e-01  6.99278795e-01  2.15173981e-02\n",
      "   7.11901016e-01  6.91513854e-01  2.77019938e-02  4.91287673e-01\n",
      "   4.39940250e-01  6.16717994e-01  9.55186580e-02  2.58037239e-01\n",
      "   8.31779458e-01  2.93267121e-01  8.57430035e-01  8.11055024e-01\n",
      "   4.53550155e-01  6.68628771e-01  7.53724145e-01  9.11757700e-01\n",
      "   3.76405667e-01  3.69310185e-01]\n",
      " [ 1.48001350e-01  7.15266864e-02  1.83349443e-01  1.51559440e-01\n",
      "   5.58756786e-01  6.03702036e-01  5.01548072e-01  4.63311644e-01\n",
      "   1.00176056e+00  4.80766262e-01  3.03913382e-01  1.28278372e-01\n",
      "   3.14445389e-01  2.24364533e-01  1.87650956e-01  4.22401505e-01\n",
      "   3.43230240e-01  3.93990298e-01  4.49927276e-01  3.32370277e-01\n",
      "   1.86054739e-01  9.08102844e-02  2.19554419e-01  1.77505338e-01\n",
      "   4.27426215e-01  4.74033112e-01  4.34484601e-01  4.31054176e-01\n",
      "   7.01057885e-01  4.39185353e-01]\n",
      " [-3.12179472e-01 -7.65717560e-02 -2.61937255e-01 -2.83608244e-01\n",
      "   5.85821565e-01  5.66364031e-01  3.37376288e-01  1.67211252e-01\n",
      "   4.80766262e-01  1.00176056e+00  1.11190486e-04  1.64463005e-01\n",
      "   3.99000547e-02 -9.03289980e-02  4.02672109e-01  5.60822319e-01\n",
      "   4.47416643e-01  3.41798745e-01  3.45614805e-01  6.89343077e-01\n",
      "  -2.54138135e-01 -5.13594647e-02 -2.05512393e-01 -2.32262646e-01\n",
      "   5.05831058e-01  4.59605900e-01  3.46843443e-01  1.75634121e-01\n",
      "   3.34606745e-01  7.68647654e-01]\n",
      " [ 6.80285970e-01  2.76354360e-01  6.92982910e-01  7.33851949e-01\n",
      "   3.01997850e-01  4.98349280e-01  6.33037366e-01  6.99278795e-01\n",
      "   3.03913382e-01  1.11190486e-04  1.00176056e+00  2.13622773e-01\n",
      "   9.74506342e-01  9.53505869e-01  1.64803858e-01  3.56691450e-01\n",
      "   3.32942674e-01  5.14250220e-01  2.40990897e-01  2.28154507e-01\n",
      "   7.16324113e-01  1.95141512e-01  7.20950853e-01  7.52871625e-01\n",
      "   1.42168410e-01  2.87608629e-01  3.81254678e-01  5.31997297e-01\n",
      "   9.47092790e-02  4.96466850e-02]\n",
      " [-9.74887767e-02  3.87037830e-01 -8.69138267e-02 -6.63969041e-02\n",
      "   6.85268821e-02  4.62861772e-02  7.63525354e-02  2.15173981e-02\n",
      "   1.28278372e-01  1.64463005e-01  2.13622773e-01  1.00176056e+00\n",
      "   2.23563635e-01  1.11763668e-01  3.97942224e-01  2.32107621e-01\n",
      "   1.95341772e-01  2.30688828e-01  4.12345364e-01  2.80215217e-01\n",
      "  -1.11886951e-01  4.09722842e-01 -1.02421925e-01 -8.33414586e-02\n",
      "  -7.37873381e-02 -9.26020990e-02 -6.90776223e-02 -1.19848153e-01\n",
      "  -1.28440488e-01 -4.57349464e-02]\n",
      " [ 6.75358538e-01  2.82169018e-01  6.94355197e-01  7.27907603e-01\n",
      "   2.96613222e-01  5.49871647e-01  6.61553447e-01  7.11901016e-01\n",
      "   3.14445389e-01  3.99000547e-02  9.74506342e-01  2.23563635e-01\n",
      "   1.00176056e+00  9.39306209e-01  1.51341309e-01  4.17055330e-01\n",
      "   3.63119754e-01  5.57243422e-01  2.66956259e-01  2.44572602e-01\n",
      "   6.98428059e-01  2.00723620e-01  7.22300731e-01  7.31999440e-01\n",
      "   1.30283361e-01  3.42521416e-01  4.19636314e-01  5.55874162e-01\n",
      "   1.10123974e-01  8.55829815e-02]\n",
      " [ 7.37159198e-01  2.60302460e-01  7.46294283e-01  8.01494523e-01\n",
      "   2.46986503e-01  4.56455058e-01  6.18513825e-01  6.91513854e-01\n",
      "   2.24364533e-01 -9.03289980e-02  9.53505869e-01  1.11763668e-01\n",
      "   9.39306209e-01  1.00176056e+00  7.52826451e-02  2.85341536e-01\n",
      "   2.71371654e-01  4.16461487e-01  1.34345087e-01  1.27294619e-01\n",
      "   7.58706592e-01  1.96842594e-01  7.62552799e-01  8.12836496e-01\n",
      "   1.25610187e-01  2.83755229e-01  3.85778129e-01  5.39113790e-01\n",
      "   7.42567956e-02  1.75701742e-02]\n",
      " [-2.22992026e-01  6.62542133e-03 -2.03050882e-01 -1.67070287e-01\n",
      "   3.32960611e-01  1.35537471e-01  9.87372735e-02  2.77019938e-02\n",
      "   1.87650956e-01  4.02672109e-01  1.64803858e-01  3.97942224e-01\n",
      "   1.51341309e-01  7.52826451e-02  1.00176056e+00  3.37288855e-01\n",
      "   2.69157796e-01  3.29007720e-01  4.14234129e-01  4.28126626e-01\n",
      "  -2.31096855e-01 -7.48745546e-02 -2.17686332e-01 -1.82516245e-01\n",
      "   3.15011078e-01 -5.56559523e-02 -5.84010247e-02 -1.02186386e-01\n",
      "  -1.07531080e-01  1.01658978e-01]\n",
      " [ 2.06362656e-01  1.92312595e-01  2.51185131e-01  2.12956816e-01\n",
      "   3.19504817e-01  7.40022356e-01  6.71458893e-01  4.91287673e-01\n",
      "   4.22401505e-01  5.60822319e-01  3.56691450e-01  2.32107621e-01\n",
      "   4.17055330e-01  2.85341536e-01  3.37288855e-01  1.00176056e+00\n",
      "   8.02679026e-01  7.45392672e-01  3.95407752e-01  8.04683023e-01\n",
      "   2.04967390e-01  1.43254348e-01  2.60974494e-01  1.99722335e-01\n",
      "   2.27794574e-01  6.79975390e-01  6.40271956e-01  4.84059046e-01\n",
      "   2.78367653e-01  5.92013208e-01]\n",
      " [ 1.94545531e-01  1.43545353e-01  2.28483899e-01  2.08025659e-01\n",
      "   2.48832996e-01  5.71521303e-01  6.92487233e-01  4.39940250e-01\n",
      "   3.43230240e-01  4.47416643e-01  3.32942674e-01  1.95341772e-01\n",
      "   3.63119754e-01  2.71371654e-01  2.69157796e-01  8.02679026e-01\n",
      "   1.00176056e+00  7.73162805e-01  3.09973347e-01  7.28652769e-01\n",
      "   1.87232571e-01  1.00417464e-01  2.27079511e-01  1.88684259e-01\n",
      "   1.68777943e-01  4.85711424e-01  6.63730620e-01  4.41247742e-01\n",
      "   1.98136040e-01  4.40102736e-01]\n",
      " [ 3.76831225e-01  1.64139495e-01  4.07933847e-01  3.72975776e-01\n",
      "   3.81345895e-01  6.43392594e-01  6.84462839e-01  6.16717994e-01\n",
      "   3.93990298e-01  3.41798745e-01  5.14250220e-01  2.30688828e-01\n",
      "   5.57243422e-01  4.16461487e-01  3.29007720e-01  7.45392672e-01\n",
      "   7.73162805e-01  1.00176056e+00  3.13330893e-01  6.12119921e-01\n",
      "   3.58757174e-01  8.68939233e-02  3.95694673e-01  3.42873752e-01\n",
      "   2.15729735e-01  4.53685716e-01  5.50559967e-01  6.03510257e-01\n",
      "   1.43367633e-01  3.11201479e-01]\n",
      " [-1.04504545e-01  9.14323671e-03 -8.17730406e-02 -7.26242231e-02\n",
      "   2.01127852e-01  2.30381479e-01  1.78322604e-01  9.55186580e-02\n",
      "   4.49927276e-01  3.45614805e-01  2.40990897e-01  4.12345364e-01\n",
      "   2.66956259e-01  1.34345087e-01  4.14234129e-01  3.95407752e-01\n",
      "   3.09973347e-01  3.13330893e-01  1.00176056e+00  3.69727869e-01\n",
      "  -1.28346334e-01 -7.76098171e-02 -1.03935708e-01 -1.10537008e-01\n",
      "  -1.26840915e-02  6.03609620e-02  3.71843990e-02 -3.04669411e-02\n",
      "   3.90088053e-01  7.82169401e-02]\n",
      " [-4.27163418e-02  5.45533955e-02 -5.53311534e-03 -1.99219755e-02\n",
      "   2.84106006e-01  5.08211293e-01  4.50091771e-01  2.58037239e-01\n",
      "   3.32370277e-01  6.89343077e-01  2.28154507e-01  2.80215217e-01\n",
      "   2.44572602e-01  1.27294619e-01  4.28126626e-01  8.04683023e-01\n",
      "   7.28652769e-01  6.12119921e-01  3.69727869e-01  1.00176056e+00\n",
      "  -3.75536172e-02 -3.20065392e-03 -1.00215889e-03 -2.27761757e-02\n",
      "   1.70868612e-01  3.90845741e-01  3.80643631e-01  2.15582894e-01\n",
      "   1.11289544e-01  5.92369136e-01]\n",
      " [ 9.71245907e-01  3.53193674e-01  9.71183188e-01  9.64441062e-01\n",
      "   2.13495353e-01  5.36257855e-01  6.89448091e-01  8.31779458e-01\n",
      "   1.86054739e-01 -2.54138135e-01  7.16324113e-01 -1.11886951e-01\n",
      "   6.98428059e-01  7.58706592e-01 -2.31096855e-01  2.04967390e-01\n",
      "   1.87232571e-01  3.58757174e-01 -1.28346334e-01 -3.75536172e-02\n",
      "   1.00176056e+00  3.60554418e-01  9.95457402e-01  9.85746984e-01\n",
      "   2.16955724e-01  4.76657749e-01  5.74985227e-01  7.88810161e-01\n",
      "   2.43957953e-01  9.36565772e-02]\n",
      " [ 2.97530545e-01  9.13650301e-01  3.03571890e-01  2.87994769e-01\n",
      "   3.61353055e-02  2.48569687e-01  3.00406844e-01  2.93267121e-01\n",
      "   9.08102844e-02 -5.13594647e-02  1.95141512e-01  4.09722842e-01\n",
      "   2.00723620e-01  1.96842594e-01 -7.48745546e-02  1.43254348e-01\n",
      "   1.00417464e-01  8.68939233e-02 -7.76098171e-02 -3.20065392e-03\n",
      "   3.60554418e-01  1.00176056e+00  3.65741024e-01  3.46451160e-01\n",
      "   2.25826298e-01  3.61467607e-01  3.69014138e-01  3.60387980e-01\n",
      "   2.33437721e-01  2.19508204e-01]\n",
      " [ 9.66835698e-01  3.58669926e-01  9.72095315e-01  9.60808165e-01\n",
      "   2.39273141e-01  5.91249531e-01  7.30849362e-01  8.57430035e-01\n",
      "   2.19554419e-01 -2.05512393e-01  7.20950853e-01 -1.02421925e-01\n",
      "   7.22300731e-01  7.62552799e-01 -2.17686332e-01  2.60974494e-01\n",
      "   2.27079511e-01  3.95694673e-01 -1.03935708e-01 -1.00215889e-03\n",
      "   9.95457402e-01  3.65741024e-01  1.00176056e+00  9.79299180e-01\n",
      "   2.37191461e-01  5.30339746e-01  6.19432713e-01  8.17759288e-01\n",
      "   2.69967228e-01  1.39201504e-01]\n",
      " [ 9.42739295e-01  3.44150782e-01  9.43207466e-01  9.60902082e-01\n",
      "   2.07082304e-01  5.10500995e-01  6.77177350e-01  8.11055024e-01\n",
      "   1.77505338e-01 -2.32262646e-01  7.52871625e-01 -8.33414586e-02\n",
      "   7.31999440e-01  8.12836496e-01 -1.82516245e-01  1.99722335e-01\n",
      "   1.88684259e-01  3.42873752e-01 -1.10537008e-01 -2.27761757e-02\n",
      "   9.85746984e-01  3.46451160e-01  9.79299180e-01  1.00176056e+00\n",
      "   2.09513547e-01  4.39067932e-01  5.44287093e-01  7.48734680e-01\n",
      "   2.09513722e-01  7.97872577e-02]\n",
      " [ 1.19826732e-01  7.76398084e-02  1.50814456e-01  1.23740409e-01\n",
      "   8.06742020e-01  5.66536837e-01  4.49612218e-01  4.53550155e-01\n",
      "   4.27426215e-01  5.05831058e-01  1.42168410e-01 -7.37873381e-02\n",
      "   1.30283361e-01  1.25610187e-01  3.15011078e-01  2.27794574e-01\n",
      "   1.68777943e-01  2.15729735e-01 -1.26840915e-02  1.70868612e-01\n",
      "   2.16955724e-01  2.25826298e-01  2.37191461e-01  2.09513547e-01\n",
      "   1.00176056e+00  5.69186845e-01  5.19436186e-01  5.48655147e-01\n",
      "   4.94707764e-01  6.18711558e-01]\n",
      " [ 4.14190751e-01  2.78318729e-01  4.56576647e-01  3.91097651e-01\n",
      "   4.73300254e-01  8.67333351e-01  7.56297185e-01  6.68628771e-01\n",
      "   4.74033112e-01  4.59605900e-01  2.87608629e-01 -9.26020990e-02\n",
      "   3.42521416e-01  2.83755229e-01 -5.56559523e-02  6.79975390e-01\n",
      "   4.85711424e-01  4.53685716e-01  6.03609620e-02  3.90845741e-01\n",
      "   4.76657749e-01  3.61467607e-01  5.30339746e-01  4.39067932e-01\n",
      "   5.69186845e-01  1.00176056e+00  8.93831781e-01  8.02490717e-01\n",
      "   6.15522263e-01  8.11881713e-01]\n",
      " [ 5.27839123e-01  3.01555198e-01  5.64872009e-01  5.13508396e-01\n",
      "   4.35691429e-01  8.17712354e-01  8.85659158e-01  7.53724145e-01\n",
      "   4.34484601e-01  3.46843443e-01  3.81254678e-01 -6.90776223e-02\n",
      "   4.19636314e-01  3.85778129e-01 -5.84010247e-02  6.40271956e-01\n",
      "   6.63730620e-01  5.50559967e-01  3.71843990e-02  3.80643631e-01\n",
      "   5.74985227e-01  3.69014138e-01  6.19432713e-01  5.44287093e-01\n",
      "   5.19436186e-01  8.93831781e-01  1.00176056e+00  8.56939906e-01\n",
      "   5.33457264e-01  6.87719567e-01]\n",
      " [ 7.45524434e-01  2.95835766e-01  7.72598608e-01  7.23287782e-01\n",
      "   5.03939011e-01  8.17009092e-01  8.62839447e-01  9.11757700e-01\n",
      "   4.31054176e-01  1.75634121e-01  5.31997297e-01 -1.19848153e-01\n",
      "   5.55874162e-01  5.39113790e-01 -1.02186386e-01  4.84059046e-01\n",
      "   4.41247742e-01  6.03510257e-01 -3.04669411e-02  2.15582894e-01\n",
      "   7.88810161e-01  3.60387980e-01  8.17759288e-01  7.48734680e-01\n",
      "   5.48655147e-01  8.02490717e-01  8.56939906e-01  1.00176056e+00\n",
      "   5.03413227e-01  5.12013995e-01]\n",
      " [ 1.64241985e-01  1.05192783e-01  1.89447989e-01  1.43822678e-01\n",
      "   3.95003689e-01  5.11121711e-01  4.10185014e-01  3.76405667e-01\n",
      "   7.01057885e-01  3.34606745e-01  9.47092790e-02 -1.28440488e-01\n",
      "   1.10123974e-01  7.42567956e-02 -1.07531080e-01  2.78367653e-01\n",
      "   1.98136040e-01  1.43367633e-01  3.90088053e-01  1.11289544e-01\n",
      "   2.43957953e-01  2.33437721e-01  2.69967228e-01  2.09513722e-01\n",
      "   4.94707764e-01  6.15522263e-01  5.33457264e-01  5.03413227e-01\n",
      "   1.00176056e+00  5.38795122e-01]\n",
      " [ 7.07832563e-03  1.19415220e-01  5.11083511e-02  3.74417763e-03\n",
      "   5.00195447e-01  6.88592503e-01  5.15836457e-01  3.69310185e-01\n",
      "   4.39185353e-01  7.68647654e-01  4.96466850e-02 -4.57349464e-02\n",
      "   8.55829815e-02  1.75701742e-02  1.01658978e-01  5.92013208e-01\n",
      "   4.40102736e-01  3.11201479e-01  7.82169401e-02  5.92369136e-01\n",
      "   9.36565772e-02  2.19508204e-01  1.39201504e-01  7.97872577e-02\n",
      "   6.18711558e-01  8.11881713e-01  6.87719567e-01  5.12013995e-01\n",
      "   5.38795122e-01  1.00176056e+00]]\n",
      "(30, 30)\n"
     ]
    }
   ],
   "source": [
    "#convert train data to numpy array\n",
    "X=X.to_numpy()\n",
    "x_st=Standard_scaler(X) #standardize using custom standard scaler function \n",
    "x_st=x_st.T\n",
    "cov=np.cov(x_st) #find covariance matrix\n",
    "print(cov)\n",
    "print(np.shape(cov))"
   ]
  },
  {
   "cell_type": "code",
   "execution_count": 41,
   "metadata": {
    "colab": {
     "base_uri": "https://localhost:8080/"
    },
    "id": "_TRqF8AdNt_-",
    "outputId": "34eda5a4-311c-4132-c2b7-3db8b677afb2"
   },
   "outputs": [
    {
     "name": "stdout",
     "output_type": "stream",
     "text": [
      "eigenvalues [1.33049908e+01 5.70137460e+00 2.82291016e+00 1.98412752e+00\n",
      " 1.65163324e+00 1.20948224e+00 6.76408882e-01 4.77456255e-01\n",
      " 4.17628782e-01 3.51310875e-01 2.94433153e-01 2.61621161e-01\n",
      " 2.41782421e-01 1.57286149e-01 9.43006956e-02 8.00034045e-02\n",
      " 5.95036135e-02 5.27114222e-02 4.95647002e-02 1.33279057e-04\n",
      " 7.50121413e-04 1.59213600e-03 6.91261258e-03 8.19203712e-03\n",
      " 1.55085271e-02 1.80867940e-02 2.43836914e-02 2.74877113e-02\n",
      " 3.12142606e-02 3.00256631e-02]\n",
      "eigenvectors [[ 2.18902444e-01 -2.33857132e-01 -8.53124284e-03  4.14089623e-02\n",
      "  -3.77863538e-02  1.87407904e-02  1.24088340e-01  7.45229622e-03\n",
      "  -2.23109764e-01  9.54864432e-02  4.14714866e-02  5.10674568e-02\n",
      "   1.19672116e-02 -5.95061348e-02 -5.11187749e-02  1.50583883e-01\n",
      "  -2.02924255e-01 -1.46712338e-01 -2.25384659e-01 -7.02414091e-01\n",
      "   2.11460455e-01 -2.11194013e-01 -1.31526670e-01  1.29476396e-01\n",
      "   1.92264989e-02 -1.82579441e-01  9.85526942e-02 -7.29289034e-02\n",
      "  -4.96986642e-02  6.85700057e-02]\n",
      " [ 1.03724578e-01 -5.97060883e-02  6.45499033e-02 -6.03050001e-01\n",
      "   4.94688505e-02 -3.21788366e-02 -1.13995382e-02 -1.30674825e-01\n",
      "   1.12699390e-01  2.40934066e-01 -3.02243402e-01  2.54896423e-01\n",
      "   2.03461333e-01  2.15600995e-02 -1.07922421e-01  1.57841960e-01\n",
      "   3.87061187e-02  4.11029851e-02 -2.97886446e-02 -2.73661018e-04\n",
      "  -1.05339342e-02  6.58114593e-05 -1.73573093e-02  2.45566636e-02\n",
      "  -8.47459309e-02  9.87867898e-02  5.54997454e-04 -9.48006326e-02\n",
      "  -2.44134993e-01 -4.48369467e-01]\n",
      " [ 2.27537293e-01 -2.15181361e-01 -9.31421972e-03  4.19830991e-02\n",
      "  -3.73746632e-02  1.73084449e-02  1.14477057e-01  1.86872582e-02\n",
      "  -2.23739213e-01  8.63856150e-02  1.67826374e-02  3.89261058e-02\n",
      "   4.41095034e-02 -4.85138123e-02 -3.99029358e-02  1.14453955e-01\n",
      "  -1.94821310e-01 -1.58317455e-01 -2.39595276e-01  6.89896968e-01\n",
      "   3.83826098e-01 -8.43382663e-02 -1.15415423e-01  1.25255946e-01\n",
      "  -2.70154137e-02 -1.16648876e-01  4.02447050e-02 -7.51604777e-02\n",
      "  -1.76650122e-02  6.97690429e-02]\n",
      " [ 2.20994985e-01 -2.31076711e-01  2.86995259e-02  5.34337955e-02\n",
      "  -1.03312514e-02 -1.88774796e-03  5.16534275e-02 -3.46736038e-02\n",
      "  -1.95586014e-01  7.49564886e-02  1.10169643e-01  6.54375082e-02\n",
      "   6.73757374e-02 -1.08308292e-02  1.39669069e-02  1.32448032e-01\n",
      "  -2.55705763e-01 -2.66168105e-01  2.73221894e-02  3.29473482e-02\n",
      "  -4.22794920e-01  2.72508323e-01  4.66612477e-01 -3.62727403e-01\n",
      "   2.10040780e-01  6.98483369e-02 -7.77727342e-03 -9.75657781e-02\n",
      "  -9.01437617e-02  1.84432785e-02]\n",
